#time0row7[msb-lsb],time0row6[msb-lst],....,time0row0[msb-lst]#
#time1row7[msb-lsb],time1row6[msb-lst],....,time1row0[msb-lst]#
#................#
00000000000000000001000100000010
00000000000100000001000000000001
00110100000000000001000100000011
00000000000000000000000000000000
00000000000000000000000000000000
00011000000000000001000100010001
00100000001000000001001000000011
00010000000000000001000100000011
00100000000000000001000100000011
00100000000000000000000000000011
00010001000000000000000000000010
00010000000000000000000000000010
00000001000000000000000000000001
00010000000000000000000000000010
00010000000000000000000000000010
00010000000000000000000000000010
00010000000000000000000000000010
00000000000000000000000000000001
00000011000100000000000000000000
00010011001000000000000000000000
00010010000000000000000000000001
00010000000000000000000000000010
00000000000000000000000000000001
00010010000000000000000000000001
00100001000000000000000000000010
00010000000100000000000000000001
00010001000000000000000000000001
00100001000000000000000000000010
00010000001000000000000000000001
00000001000100000000000000000000
00000001001000000000000000010000
00010010000000000000000000010000
00010001000100000000000000010001
00010001000000000000000000000010
00100000000000000000000100000100
00000000001000010000000000000001
00100101000000000000000000000010
00000000000000000000000000000000
00000000000000000000000000000000
00101001000000000001000100010010
00110000001000000001001000000100
00100000000100000000000100000011
00110001000100000000000000000011
00010000000100000000000000000010
00010001000100000000000000000010
00010001000000000000000000000010
00010000000000010000000000000010
00010001000000000000000000000010
00100001000000000000000000000001
00010010000100000000000000000001
00100010000000000000000000000010
00000000000100010000000000000000
00000011000100000000000000010000
00000010000100000000000000010000
00000010000100000000000000010001
00010000001000000000000000000001
00000000001000000000000000010000
00000010000100000000000000010001
00010001001000000000000000000001
00000001001000000000000000010001
00010001000000000000000000000001
00100000000100000000000000000010
00010000001000000000000000000001
00010000000100000000000000000000
