#time0col7[msb-lsb],time0col6[msb-lst],....,time0col0[msb-lst]#
#time1col7[msb-lsb],time1col6[msb-lst],....,time1col0[msb-lst]#
#................#
11111111111111110000000000000100111111111111101000000000000001111111111111111110111111111111000100000000000000110000000000001000
00000000000000000000000000000011111111111111111100000000000000000000000000000000111111111111110100000000000000100000000000001011
00000000000010110000000000010011111111111101111100000000000111010000000000010010111111111110101100000000000101000000000000101000
00000000000000000000000000000000000000000000000000000000000000000000000000000000000000000000000000000000000000000000000000000000
00000000000000000000000000000000000000000000000000000000000000000000000000000000000000000000000000000000000000000000000000000000
00000000000100010000000000001100111111111100101100000000001000000000000000101100000000000000101000000000000101000000000000111111
00000000000000000000000000001000111111111111001100000000000101110000000000000001111111111110011000000000000010100000000000011011
00000000000000010000000000001001111111111111100100000000000010111111111111111100111111111110011100000000000001100000000000001100
00000000000000100000000000001100111111111111100000000000000011101111111111111101111111111110001100000000000010010000000000001110
00000000000001010000000000001100111111111111111000000000000010011111111111111001111111111110011000000000000001100000000000001010
00000000000001010000000000001000111111111111100100000000000010000000000000000000111111111111001100000000000001010000000000001100
00000000000000110000000000000111111111111111111100000000000001011111111111111011111111111111000000000000000000110000000000000110
00000000000000110000000000000011111111111111101000000000000001000000000000000010111111111111110100000000000000100000000000001000
00000000000000110000000000000111111111111111111100000000000001011111111111111011111111111111000000000000000000110000000000000110
00000000000000110000000000000111111111111111111100000000000001011111111111111011111111111111000000000000000000110000000000000110
00000000000000110000000000000111111111111111111100000000000001011111111111111011111111111111000000000000000000110000000000000110
00000000000000110000000000000111111111111111111100000000000001011111111111111011111111111111000000000000000000110000000000000110
00000000000000010000000000000010000000000000000000000000000000011111111111111101111111111111101000000000000000000000000000000010
00000000000001100000000000000010111111111110111000000000000010100000000000010000000000000000110000000000000001100000000000011000
00000000000001110000000000000100111111111110110100000000000011100000000000010010000000000000101100000000000010010000000000100000
00000000000001100000000000000111111111111111001100000000000010100000000000001000111111111111110000000000000001110000000000010000
00000000000000110000000000000111111111111111111100000000000001011111111111111011111111111111000000000000000000110000000000000110
00000000000000010000000000000010000000000000000000000000000000011111111111111101111111111111101000000000000000000000000000000010
00000000000001100000000000000111111111111111001100000000000010100000000000001000111111111111110000000000000001110000000000010000
00000000000001100000000000001011111111111111100000000000000010110000000000000001111111111110111100000000000010000000000000001110
00000000000000100000000000000100111111111111111100000000000001011111111111111111111111111111100100000000000000110000000000001010
00000000000001000000000000000110111111111111100100000000000001110000000000000011111111111111100100000000000001010000000000001010
00000000000001100000000000001011111111111111100000000000000010110000000000000001111111111110111100000000000010000000000000001110
00000000000000100000000000000011111111111111111100000000000001100000000000000000111111111111110000000000000000110000000000010000
00000000000000100000000000000000111111111111101000000000000001000000000000000110000000000000011000000000000000100000000000001100
00000000000001001111111111111110111111111111110000000000000001000000000000001001000000000000100000000000000000000000000000011001
00000000000001110000000000000100111111111111010100000000000010000000000000001101000000000000000100000000000001010000000000010101
00000000000001100000000000000100111111111111101100000000000001110000000000000110111111111111101100000000000000110000000000010111
00000000000001010000000000001000111111111111100100000000000010000000000000000000111111111111001100000000000001010000000000001100
00000000000001000000000000001100111111111111100100000000000100011111111111111000111111111101110100000000000001110000000000001101
11111111111111100000000000000001111111111111111100000000000001010000000000000001000000000000000011111111111111110000000000001111
00000000000011100000000000001111111111111110000000000000000101110000000000010101111111111111101100000000000100000000000000100110
00000000000000000000000000000000000000000000000000000000000000000000000000000000000000000000000000000000000000000000000000000000
00000000000000000000000000000000000000000000000000000000000000000000000000000000000000000000000000000000000000000000000000000000
00000000000101010000000000010010111111111100010000000000001001110000000000101111000000000000001100000000000110010000000001001001
00000000000000100000000000001101111111111111001000000000000110111111111111111111111111111101110000000000000011010000000000011111
00000000000000110000000000001001111111111111100100000000000100011111111111111100111111111110011000000000000001110000000000010001
00000000000010000000000000001111111111111111011100000000000100000000000000000000111111111110100000000000000010110000000000011000
00000000000000110000000000000110111111111111111100000000000001101111111111111100111111111111001100000000000000110000000000001100
00000000000001010000000000000111111111111111100100000000000010010000000000000001111111111111011000000000000001010000000000010010
00000000000001010000000000001000111111111111100100000000000010000000000000000000111111111111001100000000000001010000000000001100
00000000000000000000000000001000111111111111111000000000000001111111111111111101111111111111000000000000000000100000000000000111
00000000000001010000000000001000111111111111100100000000000010000000000000000000111111111111001100000000000001010000000000001100
00000000000001010000000000001001111111111111100000000000000010100000000000000100111111111111010100000000000010000000000000001100
00000000000001100000000000000110111111111111001100000000000010110000000000001001111111111111111100000000000001110000000000010110
00000000000010000000000000001100111111111111001000000000000011100000000000000110111111111111001000000000000010100000000000010100
11111111111111010000000000000000111111111111111100000000000000110000000000000011000000000000001111111111111111110000000000000111
00000000000010000000000000000001111111111111000000000000000010010000000000010010000000000000101100000000000001000000000000011111
00000000000001100000000000000000111111111111011000000000000001100000000000001101000000000000100000000000000000100000000000011001
00000000000001110000000000000010111111111111011000000000000001110000000000001010000000000000001000000000000000100000000000011011
00000000000000100000000000000011111111111111111100000000000001100000000000000000111111111111110000000000000000110000000000010000
00000000000000101111111111111101000000000000001000000000000000010000000000000100000000000000010111111111111111100000000000010011
00000000000001110000000000000010111111111111011000000000000001110000000000001010000000000000001000000000000000100000000000011011
00000000000001000000000000000100111111111111100100000000000010010000000000000101111111111111111100000000000001010000000000010110
00000000000001010000000000000000111111111111110000000000000001010000000000000110000000000000001000000000000000000000000000011011
00000000000001000000000000000110111111111111100100000000000001110000000000000011111111111111100100000000000001010000000000001010
00000000000001000000000000001001111111111111111000000000000010011111111111111101111111111110111100000000000001100000000000001110
00000000000000100000000000000011111111111111111100000000000001100000000000000000111111111111110000000000000000110000000000010000
00000000000000010000000000000010111111111111111100000000000001000000000000000010111111111111111100000000000000110000000000001000
